                1k          10k        100k      1M       10M

Nuskaitymas     0.00919     0.0440     0.354     3.37     34.7
Rikiavimas 1    0.00015     0.0007     0.007     0.07     0.8
Dalinimas       0.00003     0.0002     0.003     0.03     0.4
Rikiavimas 2    0.00033     0.0025     0.033     0.39     4.6
Išvedimas       0.00231     0.0100     0.106     0.79     8.3
Viso            0.01219     0.0579     0.506     4.68     49.4

Generavimas     0.00599     0.0383     0.381     3.72     35.2
